MutationType	W1	W2	W3	W4	W5	W6	W7	W8	W9	W10	W11
TGTT	0.002899819859059541	0.002104375174451274	5.525701145860587e-4	0.002221448332946369	0.005360187796861971	0	0.01873710940560629	0.013363242349701624	0.09365366461103433	0	0.011679360610749907
TGGT	0.003209625528458214	0.0024382456667870036	8.5477803786142e-5	7.067932206076652e-74	0.0022785868241977504	4.269303780185487e-308	0.012825289452353136	0.0034311313032075654	0.054023845469708044	0	0.0011233464425686821
TGCT	0.0014239048446553653	0.004540837763230026	5.724647499599543e-4	9.95486248573396e-209	3.2096622993404744e-54	0	0.009078231759058482	0.006816115130535845	0.23844553444662636	0.03291323487969922	1.925905885288001e-35
TGAT	1.9995885119886698e-4	0.0025327854206937165	2.812440079099147e-4	3.2106132526018032e-24	0.003099326439893981	0.0012546820256807375	0.007021356557119786	0.006547457925326661	0.04176741888243198	0	0.006404471874980114
TGTG	1.123473978508647e-4	8.323377567012376e-4	1.9175524157247412e-4	0.0015273553993588758	0.004528115567773306	0.003947756923949672	0.014304117536529583	0.005544793543750178	0.002692381076317678	0	0.004714308675549516
TGGG	0	1.2442169335656558e-106	1.7694772475525838e-4	0.0036462316279554305	0.002953466661309051	0.005214215581222394	0.012412644933697866	0.002913842712700263	0.0012320659137902738	0.002672783617011911	0.00678410983172775
TGCG	9.365951668608871e-4	0.0019046237606619603	9.059504577836082e-5	0.006742624042938165	0.002418602425854885	0.006332114231978805	0.010912910812011385	0.004235474407433893	0.009604037265351518	0.015869120123945268	0.0035276452507794903
TGAG	0.0023304908469845725	0.002447867329436821	1.3313166296021291e-4	0.004526667931055036	9.322876017933638e-4	9.112126562785989e-23	0.00846203766637663	0.003699703082872444	0.0018164640790611706	0	0.009614587956281876
TGTC	9.251349852520405e-4	5.154838262927142e-109	1.748693967787708e-4	0.0023359171074110083	6.4077711141080706e-74	0	0.0071611122752001785	0.00521736798686627	0.005339861768907009	0.002359846676836534	0.0018885141302308
TGGC	4.225250455062245e-34	8.498357694959121e-151	1.1609029487804799e-4	0.001958622136807185	0	4.700104650024225e-191	0.003609900606432314	0.0021781280135839123	0.003710196055812271	0	6.124913824656365e-4
TGCC	6.943271703254365e-260	5.586765491536306e-212	1.9588300954305604e-4	0.00418546990369697	0.004960173731955852	0.0010337924226185957	0.002479410545790077	0.004010194510582189	0.014630677255293295	0.014462571433302264	6.108428135534688e-4
TGAC	9.379838202478143e-231	3.8552609161381275e-4	1.107116227382889e-4	0.0053742885286835315	6.880797239545653e-62	7.176918558578197e-265	7.482683084441819e-4	0.003054427299956824	0.003930647882641781	4.938658473323105e-4	4.1842351645224513e-4
TGTA	0.0018216379242055238	8.599423844399944e-4	2.7844934491038823e-4	0.007309534671747123	2.7302527873756936e-4	0.0026337980279629216	0.020793040311383952	0.0053739613570499	0.004161774726140169	0	0.0028977959534685124
TGGA	0	2.9266514395726884e-265	2.0437178948475095e-5	0.004229477161496991	0.0015019428423141076	0.0018123536583819991	0.00833286583610169	0.001800982770169482	0.0014497706256117217	0	0.0010321770137383427
TGCA	0.0011215618829862033	2.333164178579976e-4	8.867868974330455e-5	0.002610600018272304	0.0014172192586169145	7.441235802605321e-4	0.00975222319931284	0.002529705801837581	0.0034253765117557024	0.011102617904666037	1.2314663849846583e-38
TGAA	0.0015820936766704886	7.769746748698882e-4	1.6394083081459963e-4	0.00849283149218837	4.9972121690015957e-185	4.276544282013071e-4	0.014205645199525007	0.005273066509690501	0.0025818793371690106	1.9610640234680756e-42	0.005174362949620802
TCTT	0.0026169344522724083	0.0047785824848104955	4.519295507492612e-4	0.04951412930459038	0.011318295885564955	0	0.009338717058994335	0.014667395283800786	0.016258515052570262	0	0.005657458444289628
TCGT	5.820665510598325e-4	4.246243052838432e-94	3.262033486002364e-4	0.03938143817208961	0.00786205155200355	0	0.005555150980598871	0.016772810976373616	0.021776201816822598	0	0.001173731670006052
TCCT	0.004347943651905463	0.0019113401760911559	1.8851291307160557e-4	0.01676719835166329	0.006323241708667029	0.007336363846989202	0.021982114933379336	0.009315039992743811	0.09318631263818979	0	0.0019179965477230674
TCAT	6.827029813045603e-32	1.8240484071662646e-77	5.562856687048013e-4	0.07225986848220718	0.010673644473073434	0.007510079073547193	0.007014270115587184	0.02701269877182963	3.391938551286327e-233	0	0.009775556546070223
TCTG	6.738341515280836e-4	0.005235977131397046	1.508889478007888e-4	0.022161722012687873	0.002612129392753279	3.370503195299898e-30	0.001012054937820825	0.006984685189311721	0.0027008594484936215	0.3001335576139686	4.9485577736339346e-58
TCGG	0	0.0013850817288648342	2.441039645411122e-4	0.036431266188028284	0.0068108623703597455	0.006984717930039628	0.008068098305699626	0.008203638199789372	0.0073340322106986615	0.17093568102533	1.9933696429348853e-4
TCCG	0.002410531550074028	0.0024893509372492673	2.176703315736746e-4	0.0235356838139284	0.008689405056041093	0.014819770240196584	0.013060935618977563	0.006896029773078929	0.023313505012849678	0.0554880512790305	0
TCAG	1.5573536109037144e-186	5.524142731148464e-9	2.9253312016764237e-4	0.06440053184705659	0.013313587112970138	0.022089671328772476	0.0075291464560626525	0.015039597722314805	0	0.03899570340849977	0.0012755338730878287
TCTC	0.002861583766155257	0.003060585925653682	2.2078472617244216e-4	0.011024595466150977	0.006836808877411207	0	0.01743028960611396	0.0090252784290160391	0.0091017184709878	0	0.014031891751725721
TCGC	0.006115802132469407	0.001587467317511525	1.832222338436555e-308	0.009747385370531374	0.007132455415787224	6.98499430607911e-38	0.008569260471392032	0.00897545906496876	0.007495003597247368	0	0.0053644173811364295
TCCC	0.0026971004409116453	0.002595977523179298	3.217858243953687e-4	0.01261299430553805	5.698741512560473e-69	0.0022050447281623236	0.023607301139014127	0.007162337590750371	0.030822724759732283	0.038115527830260086	0.01360777568634976
TCAC	5.215581471096522e-97	1.1353082462768265e-14	2.2122066273032645e-4	0.02065864617314135	8.738043532789897e-4	0	0.006277136403490299	0.00997355386935926	0.006187125351471065	0	0.013935043529359948
TCTA	0.0022319705270537815	0.00652238886528195	2.4389942127486216e-17	0.04890341318772161	8.934125319144491e-12	0.001943889800828351	0.005830619153691844	0.01476621512034876	0.009361927454976502	0.020881279692081523	0.0034128730085532374
TCGA	0.0025874632855434378	1.658923127261905e-154	3.34671760477883e-4	0.04703400601466458	0.006207532582682709	0.007865860458844565	9.537964312075525e-74	0.015274510295214754	0.013658994470564801	1.7736601738344067e-66	1.1732320352845107e-5
TCCA	1.7463466684270496e-91	0.0018621288602221424	1.2567072881472337e-4	0.024123243848737	0.006084261981094731	0.012189020667797874	0.01001629722081751	0.009023982578503483	0.010079913269305534	0.024621928172581256	0.0017713216165575957
TCAA	9.91693449800051e-4	9.264904469151098e-9	5.761904299200551e-4	0.10518590981871445	0.011216737592844197	0.01778391487819189	8.616651008623034e-46	0.028667239045514752	2.6353389125064546e-55	0	0.0048232332124276
TATT	0.0012587675296983614	0.003881254453724207	3.9080321712233905e-4	0.004242230517117016	0.004973559702422975	0.006060429923482955	0.022970850892928732	0.011133915022739254	0.01679598317501712	5.693678696197371e-154	0.045273386681053886
TAGT	0	2.907182789258588e-224	2.137199295889833e-4	0.0054444740150500085	0.003165094520432079	0.011655368502402147	0.010578851832144732	0.005587406915183099	0.011669389187499457	0	0.020687107851031807
TACT	0.003715442306677124	2.740947519135185e-106	5.448952983967989e-4	2.5241877009506445e-4	0.002451864473654535	0.01764533685227551	0.02317584555013007	0.007935337857114186	0.034677865405054534	1.3421453476298647e-188	0.03521912263429726
TAAT	0.001935398334638118	0.014316639055173426	4.06223320176493e-4	0.018504177007878514	0.00911342615362652	1.6566627402181663e-177	6.057682086503964e-175	0.014749947882847064	0.015787449796056296	0	0.02731841242406709
TATG	8.261891610960528e-180	8.772452546564311e-4	1.3823075116192865e-4	0.010584901949715907	9.040974340900873e-5	0.01893675608525162	0.009189503113900325	0.004632499380456072	0.0011382192657205486	0	0.009007032110215214
TAGG	1.1108282206438872e-296	0	1.589574877559208e-4	0.015736553140000185	0.0018411136280874515	0.02495441296498054	0.006437568771750694	0.0043065718449202175	0.0066529626427755265	0	0.008698084638817598
TACG	0.0012829947057575778	0.002828717640215792	4.830339982428817e-4	0.01943925668559567	3.312409787695332e-4	0.058511836856964636	0.011694433309474239	0.005729467058253097	0.008910567511952253	8.555446328925612e-127	0.0134684194559067
TAAG	8.418078166746666e-308	1.639671516044598e-97	4.43239647642592e-4	0.026763668873304527	2.9842504325534283e-9	0.02211899200162071	1.3536495121200522e-36	0.01144578818103021	0.0011368225321613926	0	0.017953418066331262
TATC	0.0010200990194124385	0.001759264451787624	5.137772921796326e-4	0.008213172137737394	3.2088256540526e-4	0.004390352802358924	0.007375465193758021	0.006906547195305529	0.001994831294511068	5.022785240938017e-4	0.019062287226855695
TAGC	0	2.245863136579913e-95	3.0590637048104254e-4	0.007745438518628728	0.00132348233319214	0.00793340364444395	2.8045695638913636e-207	0.00472592781897161	0.004075773920070495	0.00281409604015081	0.009952095995216114
TACC	0.003355218156258134	4.800720461809363e-51	3.5325942669550226e-4	0.006333541059320582	0.004766889654554671	0.01686112434928379	0.014267109615163222	0.00655115916305257	0.009517208553473473	5.474049072687568e-4	0.019300395658642274
TAAC	9.198636691571684e-4	1.7914243349454252e-153	3.5093092640512406e-4	0.02141117391362415	0.0019168504021780293	4.320512276540966e-89	0	0.011531655197934816	0	0	0.019040153231033335
TATA	0.006185248984123614	0.004980974028703256	1.2470224814537962e-4	0.010607043980490831	0.009078333415222049	0.011102913179057743	0.016260956528455123	0.009336599322850256	0.015611911405482655	1.8969443314531188e-289	0.017675762012292078
TAGA	3.3471658526329655e-295	3.7456090879625404e-4	1.4770628818251707e-4	0.011055482268002728	2.1789426485505462e-306	0.019170551695377114	0.00453284159062466	0.0036395352970007046	0.00837814737514365	0	0.011296190146899348
TACA	8.859073384342823e-4	8.443765950502998e-4	4.000145149270018e-4	0.010319619829335526	2.3209396482322509e-4	0.025991982135397655	0.011531896678620195	0.004409817128034593	0.007821071240261178	2.539387109280422e-4	0.014506864063823227
TAAA	2.272812362409626e-208	7.574208915769286e-4	4.3097990341213016e-4	0.03312489044739979	0	0.014031846582876645	1.5899955846065771e-18	0.013535234668618253	0.005232994496802801	0	0.014958787480751103
CAAA	6.732729021764747e-257	0.06420830683017015	8.476008583522358e-4	2.1909374797561608e-52	0.0068350928833374285	0.032640091259363783	0.006893304272560158	0.02514192482480982	3.891667374274973e-150	0.0034202129839290903	0.05097688819090571
CAAC	0.0011751264727003063	0.01168031226074541	8.336292898265723e-4	3.6661303990973113e-162	8.2671471339386e-16	0.03685887918456523	0.010376933490807632	0.01803284211013312	0	7.65798783875964e-167	0.05432527134700032
CAAG	0	0.0021827072326127605	3.612407581464995e-5	4.4151174679717755e-4	0.00129840472262635	0.010815878710581149	1.417694298574043e-4	0.002226408122239616	0	0	0.0033658857094501955
CAAT	0.0019299743634692277	0.028588619298669064	5.216198894867644e-4	5.639819112076144e-100	0.003930937791409409	0.02428604539521681	0.01179369851719979	0.011480342034048241	6.578156789399003e-265	0.006202663596198436	0.07660937719770208
CACA	0.001073616884939907	0.05576200553101459	0.0016907810830877677	0.011996792409674488	0.004997891858762674	0.0718255475264817	0.011510343425816638	0.010295478391156139	0.008310469452770235	0.016986015206186422	0.027829350920614192
CACC	2.433200957173291e-128	0.01704784217908459	8.58687298341227e-4	0.005862095549121605	6.618344232263796e-73	0.09480981029430137	0.01537771476937491	0.009583376239042141	0.0033789527045472337	5.371961913675899e-39	0.023857183006267067
CACG	7.44172609753535e-4	0.005836860680443488	2.3248231928914444e-4	0.0034779234475777877	0.00203092358933977	0.017927423231711405	7.126645143277361e-4	7.449023333288106e-4	4.234872767891497e-92	4.7686634215502566e-4	1.2355691195811778e-4
CACT	0.0175799758011206	0.045173245084869675	7.168241800682088e-4	0.003909238947060628	0.003905150462391828	0.07191906255634355	0.012949645575957833	0.00579067208248035	0.011962301573995473	0	0.035703598388684636
CAGA	0.0018105707378986886	0.11427849216902532	5.144890700475034e-4	1.07327567417998e-73	0.015894408567854033	3.2042289825570413e-25	6.317082250200194e-4	0.012295240619362552	0.0030644952963313644	0.026228477747620896	1.4881652416457336e-137
CAGC	0.00453999757274003	0.0216407633524123	4.977256417124438e-4	0.0010837753382567648	6.13498243212449e-4	0.0387100338937639	2.558378455000976e-4	0.010946146899311148	6.41853673285328e-17	0.0023673057258376804	0.016245210064427335
CAGG	2.6342801152100964e-4	0.004668315614705164	3.5321726901447864e-5	2.5594807957216294e-115	0.0034655337466629405	0.011005316911166114	0	0.0018651682278460805	2.6924288749545916e-188	0	1.7044386363702335e-4
CAGT	0.004089611815836036	0.07400909230730439	1.965948850071714e-4	0.008142772201771682	0.006932529475634913	0.0020013329020396897	0.003775610330970621	0.005429370534153144	0.005983598727067861	0.011540825462249906	0.014697934440893113
CATA	8.909208679370393e-170	0.10350025438894057	0.03010717157990802	1.32466468303606e-5	1.4078004342786978e-67	0.00414629373348128	1.3415193133974985e-37	0.014703029976034315	0.010471844632950143	0	0.01243972254738183
CATC	5.810537695973075e-126	0.06372063405596166	0.011416363673393453	0	0	0.03473818811359039	1.1607093777648707e-6	0.02050522027123246	0	0	0.011417028265565066
CATG	0	0.006993818159264308	0.0013405010899296824	0	0.004820270837798147	0.0065097336724797015	0	0.0024389848166977666	0	0	0
CATT	0.01179689186099144	0.1774088113770745	0.01508289307342749	0.0018223433942791425	0.019599755046812176	0	2.1255006003443757e-69	0.013515881517633582	0.020874578854869888	0	0.015656140734620003
CGAA	0.0014533229588421291	0.005825053451735198	0.0022892482353844058	6.273588720327713e-51	0.0014183473197034921	0.006805753032850775	0.031918893027516576	0.007263746287385361	2.925798821992155e-4	6.437563593859972e-124	0.016550385897307885
CGAC	0.0024753128048027465	0.006538211668801415	6.429465432725409e-4	5.223816287350816e-153	2.8697487951248226e-87	0.0028080717628007823	0.02724135441623197	0.00476139971771746	0	3.2102350447402374e-167	0.004051720868557535
CGAG	2.6770753334195367e-4	1.9526439187117207e-4	1.6814156209099e-4	1.1897577713581128e-284	1.5583937416393918e-276	0.0030841315629213622	0.002420341236390963	0.001162624774873981	6.403692265939789e-4	0.008624861278268602	0.0012190049156488509
CGAT	3.04048249983071e-96	0.01047555189457888	0.0024488450991812017	0.0041413297075853	2.8122537187116675e-229	0.0010883478743691298	0.03474552881207289	0.006760615213257993	0.0013149537589874376	1.5326789459103632e-258	0.01486376265026522
CGCA	9.209610045590714e-4	0.0014794448667262655	0.0028997403933276812	7.916934793003795e-60	3.70199243053733e-130	0.012177458366378735	0.02590033068523623	0.005564112605361092	0	0.00245589056224384	2.4637491756552205e-45
CGCC	1.301177937423373e-172	0.0024640631371612093	7.015988143822703e-4	0.005601681125118234	3.106014510572991e-22	0.011247845742482809	0.017520734441832983	0.0059783890245039386	1.5989484233679916e-4	0.0034259631819227947	2.685269924337412e-4
CGCG	5.517296645391693e-4	8.105097899828042e-4	3.351382883128705e-4	0.002203076141856848	0.0013446192186661664	0.003627016338934597	0.003118316232466242	7.189879275692746e-4	0.0012774069593279214	0.010984433275080948	5.9627289644585975e-5
CGCT	4.561208803975558e-4	0.004479573612901151	0.0034974294557967474	1.856564719980081e-55	0	0.012329224116812709	0.035553014437027575	0.009007831789894236	0	0	0.0010634993675110334
CGGA	7.132299348768098e-4	0.0012107563309144472	0.0010529621531919055	0.0015198541739563545	0.003748660120163009	0.009229872396352607	0.01612868919346248	0.0032612752980125657	5.790530438862767e-4	0	0.0013594997988396048
CGGC	0.0021332908200634667	2.0270705026790797e-4	4.4014031359124206e-4	0.003083903462420992	0.002011611190009272	0.010353226518654534	0.014955840204750794	0.0044966160095649575	3.3827895198509423e-4	0	0.0015481020821784548
CGGG	0	6.870286027000289e-4	9.928849378824142e-5	1.990781177539309e-12	1.9775235094615841e-29	0.0021104208507504527	0.0020105149176299097	5.718469440490181e-4	0	0.003679433996758064	4.355237291730411e-4
CGGT	2.6406006139691597e-4	0.0016972262711886113	0.001805056828384646	2.4261008229349806e-36	1.2344677726329949e-119	0.0036225263934098564	0.01801343346573308	0.005538491802310366	5.607598847065395e-182	0	0.0027992515712455977
CGTA	3.4657037099464546e-85	1.6135646248430838e-55	0.17121343246599988	1.915740422044646e-55	0.0052503693197960815	0.004611965730001086	0.06096941568283679	2.7089227167585628e-15	5.887989357519272e-108	3.582752999119758e-122	1.3015601011656134e-131
CGTC	1.5981358389387827e-178	0.0073792241705548526	0.03475591290944401	2.978809980804622e-213	0.0037888197465233146	0.00724716581525059	0.046696182404802916	0.007741896024759189	0	0	5.195327914860806e-163
CGTG	5.924109279487201e-4	1.4757035954799776e-4	0.00455010170384076	0	4.133831792361638e-4	0.0023964835556561067	0.004381280799367851	3.5631264006955553e-4	4.1416001943428676e-4	0.05184423297934032	3.7151242353831803e-4
CGTT	1.1921645161642701e-114	0.013402448869778415	0.19932539867179644	1.731588776588443e-43	1.6444793874084952e-48	8.264222769306332e-275	0.10955590896656613	0.006904837299727691	0.002224265555616296	0	4.7214010048773084e-4
CTAA	0.014502968644611161	0.00886127127847511	0.004126876062582005	0.018252984347043023	0.003840840861516156	3.0643170974825434e-58	1.3216799685454307e-94	0.026839287130765627	1.9989696979040259e-28	0.011839922877716541	0.041332719321091525
CTAC	0.006545639345922467	2.823488060104463e-4	0.001040765231029743	0.007093881422135524	0.0015138036658910135	5.691320525079765e-4	3.4131644126272585e-193	0.017696018995764153	0.004217854828216426	0.006018166611627887	0.01143548695101846
CTAG	8.869403733621607e-74	1.1660904510759252e-75	0.0013181013330808358	0.008649810897886868	0.25105351190188574	0	1.3002831847132045e-93	0.024671359247750633	2.42763664410716e-277	0	0.0016212257684996027
CTAT	0.008569692393427072	0.003280700296177731	0.001904208498103555	1.5686547150955825e-75	0.002254106677873217	1.4255737245694025e-70	5.131620886417193e-4	0.01924029310682901	0.008148418644565602	0	0.0470947037556111
CTCA	0.026653172521946027	0.007173179279811968	0.009263089933104336	0.00791841844009888	4.1420344313550684e-22	0.01762456150023901	3.141621558160929e-42	0.027690872460827663	0.001049606231484799	0.008467198885333375	2.5584466538498056e-290
CTCC	0.03667032589976792	3.015247765843561e-87	0.0019916943386513964	5.116128003214387e-21	4.644346888681555e-6	0.02403796399444352	1.1913515602696143e-114	0.023916102418801786	0.0020728182951212197	0	0.0019228183970369885
CTCG	0.008454445564342154	1.8260171767095009e-87	0.0021455399737528667	0.005002329698345713	0.15022801601205055	1.2206365656501434e-126	1.1842552077366535e-16	0.01565373334449558	0.0016666379869982463	0.08958192817545874	9.725912496323897e-4
CTCT	0.03228308964845551	0.004900011469522578	0.004575281468054483	0.00925941802031681	0.0011606575275124457	0.014097315135573548	6.426791860269356e-10	0.024453860349393446	0.002066048944244839	0	0.027388354188502505
CTGA	0.012370759418884152	0.005363659433580058	0.004744552875997584	1.8018279622442294e-219	1.314248330312456e-25	2.641215888466941e-54	0.006533095416066119	0.030472159014124787	0	0	1.713765906080136e-251
CTGC	0.009777077925795567	3.1797060290050014e-97	0.0018797005877962444	0.0037471595201599354	0.01105631449506813	0.0026192066228126138	1.273384678627926e-49	0.0251337534560468	0.006237200841821925	0	0.0013457053370795604
CTGG	0.005267721250898069	1.2850989873922362e-36	0.0011929341841811797	1.6058575358721557e-159	0.18433349650587338	2.987348122012663e-81	0.009090239489212082	0.02029636745809387	0.004334175696578131	3.41469870094069e-309	0
CTGT	0.010449343370819437	0.0067130821527895315	0.002056396614977189	0.011022152844310086	0.0026315750759736893	1.712964341611586e-294	2.1063109200434887e-151	0.02187159372717685	0.003259579782479654	0.0026921134250847073	0.012937063732286735
CTTA	0.3048501455663825	1.372902822418119e-47	0.2755783075067475	8.083497461250718e-27	2.5366439999485706e-36	0.006624541842310237	7.632125825030574e-145	0.014575831027042182	1.6632020193047526e-145	0	0.004438541384066014
CTTC	0.1239262105315988	0.014446648512992297	0.046248165692599964	1.2125534387425515e-145	9.512588551130034e-32	9.288777498898654e-271	0.00870419651842702	0.03113224527465322	6.203178588176392e-305	3.827120397000904e-197	0.00221214418863442
CTTG	0.03949776114249907	3.887010774688443e-83	0.017455588491635216	0.0070731566901000974	0.1122695126559008	0	0.0011665436822658618	0.010985525573521513	0.0034539723318190853	4.65618747475293e-46	6.025325678814257e-253
CTTT	0.24011109908579795	0.014178202319884052	0.12045652622342687	1.3627245771464787e-34	0.012070315640822728	6.732115777506169e-167	0.004299712248478369	0.02037954851364866	0.009062855670225784	0	0.021960635819267944
